[13:20:42] R00 config loaded: v2.0-2026-10-01 | Tier A=15 Tier B=21 Tier C(v1)=33 
Warning messages:
1: package 'WGCNA' was built under R version 4.6.1 
2: package 'msigdbr' was built under R version 4.6.1 
=== matrix sanity ===
datHF: 177 x 10213  class=matrix
   NA: 0  NaN: 0  Inf: 0 
   zero-variance rows: 0 
   var range: 1.793e+00 .. 2.148e+00 
   range: 1.606 .. 13.085 
datHCC: 148 x 10213  class=matrix
   NA: 0  NaN: 0  Inf: 0 
   zero-variance rows: 0 
   var range: 2.305e+00 .. 7.012e+00 
   range: 3.234 .. 21.157 

=== raw pickSoftThreshold output (HF, NO blockSize) ===
pickSoftThreshold: will use block size 4380.
 pickSoftThreshold: calculating connectivity for given powers...
   ..working on genes 1 through 4380 of 10213
   ..working on genes 4381 through 8760 of 10213
   ..working on genes 8761 through 10213 of 10213
   Power SFT.R.sq  slope truncated.R.sq mean.k. median.k. max.k.
1      1  0.32500 11.500          0.962 5290.00  5300.000 5830.0
2      2  0.13300  3.250          0.957 2850.00  2850.000 3490.0
3      3  0.00948  0.522          0.977 1590.00  1580.000 2210.0
4      4  0.06630 -1.010          0.984  918.00   904.000 1470.0
5      5  0.31400 -1.970          0.987  545.00   530.000 1040.0
6      6  0.48100 -2.320          0.982  333.00   318.000  761.0
7      7  0.60200 -2.460          0.984  209.00   194.000  570.0
8      8  0.70000 -2.520          0.992  134.00   120.000  435.0
9      9  0.75500 -2.550          0.991   87.90    75.600  338.0
10    10  0.79800 -2.550          0.992   58.90    48.300  266.0
11    12  0.84400 -2.450          0.990   28.00    20.300  171.0
12    14  0.86100 -2.390          0.990   14.20     8.980  115.0
13    16  0.87700 -2.270          0.988    7.64     4.130   79.0
14    18  0.88500 -2.200          0.993    4.33     1.960   56.8
15    20  0.88300 -2.140          0.993    2.57     0.959   42.1

colnames(fitIndices): Power | SFT.R.sq | slope | truncated.R.sq | mean.k. | median.k. | max.k. 

   Power    SFT.R.sq     slope truncated.R.sq     mean.k.    median.k.
1      1 0.325429560 11.460534      0.9617980 5286.385194 5300.2650350
2      2 0.133338597  3.249944      0.9573337 2848.535784 2846.3259545
3      3 0.009481496  0.521714      0.9768657 1590.860187 1579.1011606
4      4 0.066263641 -1.009240      0.9838968  917.784423  903.6554525
5      5 0.313696896 -1.965138      0.9865263  545.475942  530.3009203
6      6 0.480607586 -2.323522      0.9823256  333.234518  317.6368817
7      7 0.601575461 -2.459583      0.9841339  208.835333  193.8044202
8      8 0.700217209 -2.518188      0.9915401  134.019571  119.9136541
9      9 0.754824256 -2.553958      0.9913723   87.930875   75.6066580
10    10 0.798280175 -2.551515      0.9920818   58.894770   48.2825917
11    12 0.844344351 -2.454796      0.9903703   27.955976   20.3317298
12    14 0.860677096 -2.392688      0.9895064   14.192005    8.9812950
13    16 0.877416703 -2.273634      0.9880006    7.639329    4.1296207
14    18 0.885245761 -2.203112      0.9934952    4.328244    1.9616648
15    20 0.882768664 -2.138890      0.9926352    2.565024    0.9590098
       max.k.
1  5827.76232
2  3492.36055
3  2211.38907
4  1473.75642
5  1043.14850
6   761.37106
7   569.60214
8   434.88053
9   337.72326
10  266.09850
11  171.23179
12  114.52519
13   78.98842
14   56.77619
15   42.06779

=== same for HCC ===
pickSoftThreshold: will use block size 4380.
 pickSoftThreshold: calculating connectivity for given powers...
   ..working on genes 1 through 4380 of 10213
   ..working on genes 4381 through 8760 of 10213
   ..working on genes 8761 through 10213 of 10213
   Power SFT.R.sq slope truncated.R.sq mean.k. median.k. max.k.
1      1    0.868  3.29          0.870  5230.0   5300.00   5850
2      2    0.562 -2.76          0.465  2970.0   2840.00   4040
3      3    0.736 -2.41          0.662  1810.0   1640.00   3040
4      4    0.781 -1.98          0.752  1180.0   1030.00   2390
5      5    0.790 -1.70          0.806   798.0    682.00   1930
6      6    0.762 -1.59          0.811   562.0    458.00   1600
7      7    0.761 -1.51          0.833   408.0    313.00   1340
8      8    0.755 -1.46          0.847   304.0    216.00   1140
9      9    0.754 -1.44          0.863   231.0    152.00    972
10    10    0.756 -1.44          0.878   179.0    107.00    838
11    12    0.778 -1.42          0.912   112.0     55.50    634
12    14    0.778 -1.46          0.924    73.1     29.50    489
13    16    0.773 -1.48          0.933    49.5     16.00    383
14    18    0.778 -1.50          0.943    34.5      9.03    304
15    20    0.787 -1.53          0.952    24.5      5.16    244
   Power  SFT.R.sq     slope truncated.R.sq    mean.k.   median.k.    max.k.
1      1 0.8677920  3.293524      0.8704982 5228.73907 5304.912875 5850.1462
2      2 0.5622137 -2.762625      0.4649142 2966.64791 2842.033967 4039.0912
3      3 0.7360428 -2.412986      0.6624488 1814.61630 1637.390046 3035.5306
4      4 0.7812774 -1.977163      0.7523176 1176.03154 1034.848556 2388.4641
5      5 0.7898295 -1.702519      0.8055944  797.99881  681.880242 1934.1597
6      6 0.7617974 -1.586590      0.8105161  561.99844  457.606424 1597.7252
7      7 0.7606413 -1.505978      0.8334576  408.03787  313.269453 1339.3544
8      8 0.7550058 -1.464528      0.8472391  303.81514  215.852874 1135.6318
9      9 0.7538644 -1.441900      0.8633869  231.01901  151.718144  971.7501
10    10 0.7555067 -1.435880      0.8777449  178.80100  107.279958  837.8254
11    12 0.7776905 -1.421953      0.9116588  111.80664   55.497786  634.2618
12    14 0.7783455 -1.456488      0.9239092   73.12976   29.462164  489.4799
13    16 0.7728075 -1.480342      0.9327428   49.51653   15.984348  383.4876
14    18 0.7783842 -1.500379      0.9427394   34.46442    9.032960  304.1556
15    20 0.7874984 -1.527663      0.9520362   24.53574    5.157958  243.7218

=== interpret columns directly ===

-- HF --
col2 as-is          : 0.325 0.133 0.009 0.066 0.314 0.481 0.602 0.700 0.755 0.798 0.844 0.861 0.877 0.885 0.883 
sign(col3)          : +1 +1 +1 -1 -1 -1 -1 -1 -1 -1 -1 -1 -1 -1 -1 
-sign(col3)*col2    : -0.325 -0.133 -0.009 0.066 0.314 0.481 0.602 0.700 0.755 0.798 0.844 0.861 0.877 0.885 0.883 

-- HCC --
col2 as-is          : 0.868 0.562 0.736 0.781 0.790 0.762 0.761 0.755 0.754 0.756 0.778 0.778 0.773 0.778 0.787 
sign(col3)          : +1 -1 -1 -1 -1 -1 -1 -1 -1 -1 -1 -1 -1 -1 -1 
-sign(col3)*col2    : -0.868 0.562 0.736 0.781 0.790 0.762 0.761 0.755 0.754 0.756 0.778 0.778 0.773 0.778 0.787 
