[13:19:33] R00 config loaded: v2.0-2026-10-01 | Tier A=15 Tier B=21 Tier C(v1)=33 
Warning messages:
1: package 'WGCNA' was built under R version 4.6.1 
2: package 'msigdbr' was built under R version 4.6.1 
=== matrix sanity ===
datHF: 10213 x 177  class=matrix
   NA: 0  NaN: 0  Inf: 0 
   zero-variance rows: 0 
   var range: 5.939e-03 .. 5.964e+00 
   range: 1.606 .. 13.085 
datHCC: 10213 x 148  class=matrix
   NA: 0  NaN: 0  Inf: 0 
   zero-variance rows: 0 
   var range: 1.003e-01 .. 1.383e+01 
   range: 3.234 .. 21.157 

=== raw pickSoftThreshold output (HF, NO blockSize) ===
pickSoftThreshold: will use block size 177.
 pickSoftThreshold: calculating connectivity for given powers...
   ..working on genes 1 through 177 of 177
   Power SFT.R.sq  slope truncated.R.sq mean.k. median.k. max.k.
1      1   0.1580 101.00          0.445     172       173    173
2      2   0.1460  48.70          0.443     169       170    171
3      3   0.1330  31.20          0.438     166       167    168
4      4   0.1220  22.50          0.435     162       164    166
5      5   0.1140  17.40          0.443     159       161    164
6      6   0.1040  13.90          0.440     156       158    161
7      7   0.0781  10.60          0.453     153       155    159
8      8   0.0682   8.69          0.447     150       152    157
9      9   0.1390  10.60          0.473     147       150    155
10    10   0.1290   9.23          0.474     145       147    153
11    12   0.1080   7.10          0.470     139       142    148
12    14   0.0899   5.61          0.464     134       137    144
13    16   0.0521   3.91          0.511     129       133    141
14    18   0.0842   4.09          0.478     125       128    137
15    20   0.0693   3.36          0.471     120       124    133

colnames(fitIndices): Power | SFT.R.sq | slope | truncated.R.sq | mean.k. | median.k. | max.k. 

   Power   SFT.R.sq      slope truncated.R.sq  mean.k. median.k.   max.k.
1      1 0.15754779 101.009717      0.4446685 172.4253  172.7855 173.4271
2      2 0.14568247  48.729986      0.4427944 168.9614  169.6507 170.9108
3      3 0.13310321  31.196786      0.4380038 165.6016  166.5919 168.4483
4      4 0.12196591  22.489250      0.4347166 162.3400  163.6055 166.0370
5      5 0.11418507  17.411151      0.4434317 159.1713  160.6883 163.6748
6      6 0.10365975  13.890254      0.4397947 156.0905  157.8375 161.3594
7      7 0.07810024  10.585751      0.4531310 153.0932  155.0549 159.0889
8      8 0.06815012   8.691596      0.4470332 150.1753  152.3441 156.8617
9      9 0.13871163  10.570851      0.4732863 147.3331  149.6887 154.6759
10    10 0.12942892   9.230542      0.4743587 144.5630  147.1044 152.5342
11    12 0.10797036   7.096395      0.4699746 139.2273  142.0899 148.3894
12    14 0.08992486   5.606438      0.4635718 134.1457  137.2627 144.3941
13    16 0.05213732   3.912734      0.5114890 129.2987  132.6061 140.5382
14    18 0.08420717   4.089870      0.4775886 124.6698  128.1436 136.8130
15    20 0.06932773   3.361024      0.4708108 120.2440  123.8703 133.2110

=== same for HCC ===
pickSoftThreshold: will use block size 148.
 pickSoftThreshold: calculating connectivity for given powers...
   ..working on genes 1 through 148 of 148
   Power SFT.R.sq  slope truncated.R.sq mean.k. median.k. max.k.
1      1    0.898 31.500          0.905   132.0     133.0  136.0
2      2    0.901 15.600          0.891   119.0     120.0  126.0
3      3    0.868 10.300          0.850   107.0     109.0  117.0
4      4    0.833  7.470          0.804    96.9      99.3  109.0
5      5    0.824  5.950          0.782    87.7      90.3  101.0
6      6    0.842  4.710          0.798    79.6      82.2   93.8
7      7    0.794  3.840          0.736    72.3      75.0   87.2
8      8    0.735  3.270          0.660    65.7      68.4   81.2
9      9    0.726  2.850          0.650    59.9      62.4   75.7
10    10    0.719  2.530          0.643    54.6      57.1   70.5
11    12    0.624  1.980          0.559    45.6      48.0   61.4
12    14    0.537  1.640          0.432    38.2      40.4   53.5
13    16    0.485  1.340          0.409    32.2      34.1   46.8
14    18    0.437  1.070          0.364    27.2      28.8   40.9
15    20    0.378  0.904          0.379    23.1      24.4   35.9
   Power  SFT.R.sq     slope truncated.R.sq   mean.k. median.k.    max.k.
1      1 0.8981638 31.510950      0.9050888 132.05569 133.00665 136.09228
2      2 0.9005720 15.595870      0.8912923 118.88429 120.49387 126.11131
3      3 0.8681733 10.330544      0.8497652 107.24131 109.30884 116.96515
4      4 0.8326021  7.474438      0.8043156  96.92071  99.27668 108.57252
5      5 0.8238518  5.953498      0.7818937  87.74818  90.28290 100.86137
6      6 0.8420852  4.708499      0.7983262  79.57569  82.22266  93.76771
7      7 0.7941485  3.837641      0.7357737  72.27705  74.98169  87.23452
8      8 0.7353605  3.265852      0.6598374  65.74433  68.36211  81.21093
9      9 0.7258341  2.853203      0.6499030  59.88489  62.38004  75.65142
10    10 0.7193757  2.534597      0.6425519  54.61891  57.10758  70.51520
11    12 0.6240815  1.983896      0.5585745  45.60069  48.01616  61.36967
12    14 0.5373016  1.636099      0.4316679  38.24005  40.37720  53.52260
13    16 0.4850093  1.338342      0.4092906  32.19526  34.05873  46.76861
14    18 0.4369006  1.066063      0.3644838  27.20369  28.76226  40.93900
15    20 0.3778668  0.903877      0.3792702  23.06138  24.40050  35.89432

=== interpret columns directly ===

-- HF --
col2 as-is          : 0.158 0.146 0.133 0.122 0.114 0.104 0.078 0.068 0.139 0.129 0.108 0.090 0.052 0.084 0.069 
sign(col3)          : +1 +1 +1 +1 +1 +1 +1 +1 +1 +1 +1 +1 +1 +1 +1 
-sign(col3)*col2    : -0.158 -0.146 -0.133 -0.122 -0.114 -0.104 -0.078 -0.068 -0.139 -0.129 -0.108 -0.090 -0.052 -0.084 -0.069 

-- HCC --
col2 as-is          : 0.898 0.901 0.868 0.833 0.824 0.842 0.794 0.735 0.726 0.719 0.624 0.537 0.485 0.437 0.378 
sign(col3)          : +1 +1 +1 +1 +1 +1 +1 +1 +1 +1 +1 +1 +1 +1 +1 
-sign(col3)*col2    : -0.898 -0.901 -0.868 -0.833 -0.824 -0.842 -0.794 -0.735 -0.726 -0.719 -0.624 -0.537 -0.485 -0.437 -0.378 
